image1,image2,label
b00000.jpg,b00000.jpg,same
b00001.jpg,b00001.jpg,same
b00002.jpg,b00002.jpg,same
b00003.jpg,b00003.jpg,same
b00004.jpg,b00004.jpg,same
b00005.jpg,b00005.jpg,same
b00006.jpg,b00006.jpg,same
b00007.jpg,b00007.jpg,same
b00008.jpg,b00008.jpg,same
b00009.jpg,b00009.jpg,same
b00010.jpg,b00010.jpg,same
b00011.jpg,b00011.jpg,same
b00012.jpg,b00012.jpg,same
b00013.jpg,b00013.jpg,same
b00014.jpg,b00014.jpg,same
b00015.jpg,b00015.jpg,same
b00016.jpg,b00016.jpg,same
b00017.jpg,b00017.jpg,same
b00018.jpg,b00018.jpg,same
b00019.jpg,b00019.jpg,same
b00020.jpg,b00020.jpg,same
b00021.jpg,b00021.jpg,same
b00022.jpg,b00022.jpg,same
b00023.jpg,b00023.jpg,same
b00024.jpg,b00024.jpg,same
b00025.jpg,b00025.jpg,same
b00026.jpg,b00026.jpg,same
b00027.jpg,b00027.jpg,same
b00028.jpg,b00028.jpg,same
b00029.jpg,b00029.jpg,same
b00030.jpg,b00030.jpg,same
b00031.jpg,b00031.jpg,same
b00032.jpg,b00032.jpg,same
b00033.jpg,b00033.jpg,same
b00034.jpg,b00034.jpg,same
b00035.jpg,b00035.jpg,same
b00036.jpg,b00036.jpg,same
b00037.jpg,b00037.jpg,same
b00038.jpg,b00038.jpg,same
b00039.jpg,b00039.jpg,same
b00040.jpg,b00040.jpg,same
b00041.jpg,b00041.jpg,same
b00042.jpg,b00042.jpg,same
b00043.jpg,b00043.jpg,same
b00044.jpg,b00044.jpg,same
b00045.jpg,b00045.jpg,same
b00046.jpg,b00046.jpg,same
b00047.jpg,b00047.jpg,same
b00048.jpg,b00048.jpg,same
b00049.jpg,b00049.jpg,same
b00050.jpg,b00050.jpg,same
b00051.jpg,b00051.jpg,same
b00052.jpg,b00052.jpg,same
b00053.jpg,b00053.jpg,same
b00054.jpg,b00054.jpg,same
b00055.jpg,b00055.jpg,same
b00056.jpg,b00056.jpg,same
b00057.jpg,b00057.jpg,same
b00058.jpg,b00058.jpg,same
b00059.jpg,b00059.jpg,same
b00060.jpg,b00060.jpg,same
b00061.jpg,b00061.jpg,same
b00062.jpg,b00062.jpg,same
b00063.jpg,b00063.jpg,same
b00064.jpg,b00064.jpg,same
b00065.jpg,b00065.jpg,same
b00066.jpg,b00066.jpg,same
b00067.jpg,b00067.jpg,same
b00068.jpg,b00068.jpg,same
b00069.jpg,b00069.jpg,same
b00070.jpg,b00070.jpg,same
b00071.jpg,b00071.jpg,same
b00072.jpg,b00072.jpg,same
b00073.jpg,b00073.jpg,same
b00074.jpg,b00074.jpg,same
b00075.jpg,b00075.jpg,same
b00076.jpg,b00076.jpg,same
b00077.jpg,b00077.jpg,same
b00078.jpg,b00078.jpg,same
b00079.jpg,b00079.jpg,same
b00080.jpg,b00080.jpg,same
b00081.jpg,b00081.jpg,same
b00082.jpg,b00082.jpg,same
b00083.jpg,b00083.jpg,same
b00084.jpg,b00084.jpg,same
b00085.jpg,b00085.jpg,same
b00086.jpg,b00086.jpg,same
b00087.jpg,b00087.jpg,same
b00088.jpg,b00088.jpg,same
b00089.jpg,b00089.jpg,same
b00090.jpg,b00090.jpg,same
b00091.jpg,b00091.jpg,same
b00092.jpg,b00092.jpg,same
b00093.jpg,b00093.jpg,same
b00094.jpg,b00094.jpg,same
b00095.jpg,b00095.jpg,same
b00096.jpg,b00096.jpg,same
b00097.jpg,b00097.jpg,same
b00098.jpg,b00098.jpg,same
b00099.jpg,b00099.jpg,same
b00100.jpg,b00100.jpg,same
b00101.jpg,b00101.jpg,same
b00102.jpg,b00102.jpg,same
b00103.jpg,b00103.jpg,same
b00104.jpg,b00104.jpg,same
b00105.jpg,b00105.jpg,same
b00106.jpg,b00106.jpg,same
b00107.jpg,b00107.jpg,same
b00108.jpg,b00108.jpg,same
b00109.jpg,b00109.jpg,same
b00110.jpg,b00110.jpg,same
b00111.jpg,b00111.jpg,same
b00112.jpg,b00112.jpg,same
b00113.jpg,b00113.jpg,same
b00114.jpg,b00114.jpg,same
b00115.jpg,b00115.jpg,same
b00116.jpg,b00116.jpg,same
b00117.jpg,b00117.jpg,same
b00118.jpg,b00118.jpg,same
b00119.jpg,b00119.jpg,same
b00120.jpg,b00120.jpg,same
b00121.jpg,m00121.jpg,different
b00122.jpg,m00122.jpg,different
b00123.jpg,m00123.jpg,different
b00124.jpg,m00124.jpg,different
b00125.jpg,m00125.jpg,different
b00126.jpg,m00126.jpg,different
b00127.jpg,m00127.jpg,different
b00128.jpg,m00128.jpg,different
b00129.jpg,m00129.jpg,different
b00130.jpg,m00130.jpg,different
b00131.jpg,m00131.jpg,different
b00132.jpg,m00132.jpg,different
b00133.jpg,m00133.jpg,different
b00134.jpg,m00134.jpg,different
b00135.jpg,m00135.jpg,different
b00136.jpg,m00136.jpg,different
b00137.jpg,m00137.jpg,different
b00138.jpg,m00138.jpg,different
b00139.jpg,m00139.jpg,different
b00140.jpg,m00140.jpg,different
b00141.jpg,m00141.jpg,different
b00142.jpg,m00142.jpg,different
b00143.jpg,m00143.jpg,different
b00144.jpg,m00144.jpg,different
b00145.jpg,m00145.jpg,different
b00146.jpg,m00146.jpg,different
b00147.jpg,m00147.jpg,different
b00148.jpg,m00148.jpg,different
b00149.jpg,m00149.jpg,different
b00150.jpg,m00150.jpg,different
b00151.jpg,m00151.jpg,different
b00152.jpg,m00152.jpg,different
b00153.jpg,m00153.jpg,different
b00154.jpg,m00154.jpg,different
b00155.jpg,m00155.jpg,different
b00156.jpg,m00156.jpg,different
b00157.jpg,m00157.jpg,different
b00158.jpg,m00158.jpg,different
b00159.jpg,m00159.jpg,different
b00160.jpg,m00160.jpg,different
b00161.jpg,m00161.jpg,different
b00162.jpg,m00162.jpg,different
b00163.jpg,m00163.jpg,different
b00164.jpg,m00164.jpg,different
b00165.jpg,m00165.jpg,different
b00166.jpg,m00166.jpg,different
b00167.jpg,m00167.jpg,different
b00168.jpg,m00168.jpg,different
b00169.jpg,m00169.jpg,different
b00170.jpg,m00170.jpg,different
b00171.jpg,m00171.jpg,different
b00172.jpg,m00172.jpg,different
b00173.jpg,m00173.jpg,different
b00174.jpg,m00174.jpg,different
b00175.jpg,m00175.jpg,different
b00176.jpg,m00176.jpg,different
b00177.jpg,m00177.jpg,different
b00178.jpg,m00178.jpg,different
b00179.jpg,m00179.jpg,different
b00180.jpg,m00180.jpg,different
b00181.jpg,m00181.jpg,different
b00182.jpg,m00182.jpg,different
b00183.jpg,m00183.jpg,different
b00184.jpg,m00184.jpg,different
b00185.jpg,m00185.jpg,different
b00186.jpg,m00186.jpg,different
b00187.jpg,m00187.jpg,different
b00188.jpg,m00188.jpg,different
b00189.jpg,m00189.jpg,different
b00190.jpg,m00190.jpg,different
b00191.jpg,m00191.jpg,different
b00192.jpg,m00192.jpg,different
b00193.jpg,m00193.jpg,different
b00194.jpg,m00194.jpg,different
b00195.jpg,m00195.jpg,different
b00196.jpg,m00196.jpg,different
b00197.jpg,m00197.jpg,different
b00198.jpg,m00198.jpg,different
b00199.jpg,m00199.jpg,different
b00200.jpg,m00200.jpg,different
b00201.jpg,m00201.jpg,different
b00202.jpg,m00202.jpg,different
b00203.jpg,m00203.jpg,different
b00204.jpg,m00204.jpg,different
b00205.jpg,m00205.jpg,different
b00206.jpg,m00206.jpg,different
b00207.jpg,m00207.jpg,different
b00208.jpg,m00208.jpg,different
b00209.jpg,m00209.jpg,different
b00210.jpg,m00210.jpg,different
b00211.jpg,m00211.jpg,different
b00212.jpg,m00212.jpg,different
b00213.jpg,m00213.jpg,different
b00214.jpg,m00214.jpg,different
b00215.jpg,m00215.jpg,different
b00216.jpg,m00216.jpg,different
b00217.jpg,m00217.jpg,different
b00218.jpg,m00218.jpg,different
b00219.jpg,m00219.jpg,different
b00220.jpg,m00220.jpg,different
b00221.jpg,m00221.jpg,different
b00222.jpg,m00222.jpg,different
b00223.jpg,m00223.jpg,different
b00224.jpg,m00224.jpg,different
b00225.jpg,m00225.jpg,different
b00226.jpg,m00226.jpg,different
b00227.jpg,m00227.jpg,different
b00228.jpg,m00228.jpg,different
b00229.jpg,m00229.jpg,different
b00230.jpg,m00230.jpg,different
b00231.jpg,m00231.jpg,different
b00232.jpg,m00232.jpg,different
b00233.jpg,m00233.jpg,different
b00234.jpg,m00234.jpg,different
b00235.jpg,m00235.jpg,different
b00236.jpg,m00236.jpg,different
b00237.jpg,m00237.jpg,different
b00238.jpg,m00238.jpg,different
b00239.jpg,m00239.jpg,different
b00240.jpg,m00240.jpg,different